13059784840
13729578132
13834380259
18834201306
15506392217
15846153018
18155903962
15907265968
17513181792
13045703934
15235934625
15135146799
18522524755
13080373095
18077061797
13075268946
15228477493
15102309161
18353240701
13682084854
15234818912
17660509062
13719175048
17687452657
17608137914
15119709515
18991549910
18435376752
18266220187
17333546269
18234432468
17670932549
13047899650
13013251814
13016127591
15258319502
15763608276
18330466925
18719382874
18778025631
15543651646
13932557565
15729727374
13157046135
15109429991
17344030726
17094864073
18644013382
15835678488
13075380990
13094116219
18249043643
15708460190
18598811124
13850625263
18732315580
13859897675
17349661195
18445359957
18303390889
15217760001
15089662271
15099774274
15589388034
13990968210
13247256512
13791805969
13160973665
18084583132
15074720921
13393480625
18238614161
15866258667
18526093925
15882665216
17624591403
18332596593
17628429285
13398910416
13059770047
18670112331
17693982827
15019001291
13778731787
17666580952
13165556595
13788618531
17674116457
15504498464
18369773026
13094913031
13726123757
15203502289
13235809473
17536358813
15369750661
18360119821
17607577744
13095802422
15225852596
16602061529
17634607089
17671156966
15818369722
15564712483
17099156428
17835658951
18172805905
15584391543
15670330199
13670843553
17065314359
15543099474
17673944114
18059701719
13284408381
13884264226
15393789902
17328721436
18370968267
18378495072
15860469530
13515347852
13144632295
15860257211
18854835022
15115046991
13059836343
13138293591
15194397561
14796723428
15069079051
18560372207
15532804728
18409491976
18702815874
17601212806
13228722535
15612877975
15188390312
18333468595
18237684671
17586860967
15886682360
15175559191
15543415214
13539241310
18845987986
17362094176
15543287324
13137476835
18538942805
18535953987
18569022405
15038622832
13711195619
17674121038
18782018758
17861054570
13985712537
13587896339
13935073937
18637954856
17096125424
13045706145
13879060492
13246244382
13934462511
15624185235
18720431967
13857698421
13831206014
15543417040
18474069423
13044387402
13942294453
15682377785
18235420433
13235807742
15543491528
15177404144
17696267897
14786662346
15893702968
17685312308
18475576418
15720192296
15975848102
13787572596
13116842968
13126449050
13018122594
15567025254
13551304468
18706189523
15824802979
13106084598
17666107304
18806510861
15846417080
15035926864
18535883189
18570463335
17172070049
14726096752
15716399161
15195903958
13059731945
17156641626
13046801965
18505672042
18230343483
18782025343
18294058671
15226750289
13979133923
13217530187
15234231047
15977791607
15543012084
13737817929
18656939565
15004534030
15932554498
18213735950
17046378170
17084903352
17128079403
13596609393
13367510457
15504912181
15315630798
18649504338
15543647091
13597597331
17603807741
17620041541
15938703982
17342000059
15543658134
17666264847
18023737387
13105130886
18759684742
18663510390
17535284284
17631777190
15574603677
13830185037
15228074920
17878004544
15567016114
17681360382
17735340851
13221287339
18513248098
18335579694
18202487496
18895546964
13571029227
17747189059
17778446230
18932251230
13479450474
18077413853
18132990753
13138233085
15543545286
17638547090
18607045326
15622755133
18476067351
18335107584
15107667898
17661480795
13915388774
18748832036
15243508210
18870889031
18041796812
17775674623
15676811897
13076390790
18720037804
17677424929
15024729038
17674528605
15110702009
18607854276
15643171764
18316729075
15674349239
17671707511
18622108709
18878968697
14777550923
15718576318
17806248001
13932713960
18329788664
17788191022
18779231265
18066284225
15553586539
18708103261
13582731616
13192373555
18935746959
18435869732
17330176695
18316677007
15077988712
18630912798
18646443631
13658500465
15202629971
18000260041
13696525213
13059746254
13934507232
15958982043
18708105726
15878382870
13939277062
15972828026
13991389691
13855937118
17688506219
13096381391
17681510820
18420069502
15243817442
15532797617
15713286495
17053400980
15683274249
18562292648
17535129750
13233203450
18688001093
13157046218
15506001549
13907038176
13863209423
18703883357
15020925494
15613759003
17634231673
15084297690
18782608044
13045704144
18921532345
17633522632
15693656217
18477017620
18878142465
13181975210
17863757925
15563519406
15807901093
15587566550
18474718348
13434906026
17373434353
15289398772
15813851211
13045700559
15279055507
18135913308
18474070329
13669756854
18936617855
17530524170
18284568090
17623038582
17897901854
13225395713
18254425225
18503535177
17048675465
15708441637
15526832504
18377803233
18474696309
18565144331
15271619064
18758618217
15197463559
13859532975
13902630074
15306497556
17545572790
15543270734
15770820765
15543410349
17634544828
17360266852
15178360191
15352458809
13025662373
15572541103
18239023083
18286882882
15248668766
17139130194
17765161669
17041551892
15863701095
17362466472
13517969060
18559074891
18054185003
15531761736
15350657683
18104318105
18235557161
18134202993
18781986380
15899015174
15584198224
15603486467
18702826078
18582678093
18737480171
13176255375
15119298051
18838495204
18535609737
15273844589
17633023345
18570469148
15776350968
13117127573
18717030980
15599003886
18073196340
13136252049
15543718884
13037345862
13094748107
15061382547
13059784458
17573048837
15568857642
15200778419
13627143882
13640507051
18113394740
17628018646
18296774822
18573148876
15956120967
18675117934
15566264912
15617045209
17629534129
15772576771
13059890534
15543100714
13864066724
15203281607
13733786797
13534917213
17612734290
13480891721
17633683817
17680946331
15175380157
13870438319
15925838536
18815611415
13059767954
18719485367
13576466599
13112130174
15753033879
15083519190
13132736770
15673517356
13186773034
15723556475
15024889817
15578748442
13936904284
18533946793
15003389794
17870178086
15290251109
18355364429
15215843628
13291720861
18677503340
15178492232
15712586643
13119923382
13616991630
13663491250
15517204205
15543419840
17681679539
17860519865
18078516447
18312627523
15833871967
15073026570
13689567524
13813594582
13922177415
18846193658
13116049056
18369550386
13403579295
15619600352
18720512446
13457514040
18042227581
13142355501
15727750422
13979077151
17373430563
15673359366
15766720703
13619186203
13919324225
15543581294
15674413659
18720525065
17176310354
17697503302
18516220965
17687723704
15870042773
18682884942
15660738573
18698551629
13939592293
13958218532
15031713221
18877922438
15307980313
15669322067
13116849253
13609367616
17134084942
15037264724
17638283697
13546014702
18867959274
17773422751
15813407783
18377919702
15722836602
17804335323
13875464945
18627290712
13599009276
18708145835
13963467951
17613760521
13503996339
18533024930
13238497028
15352363081
13704024892
17562607928
18474099270
13059781945
15936424680
13415847645
15863698494
15073888044
18024589269
13650693965
13572883764
13635549082
15686193310
18571200521
18636721474
15882985840
13653437565
15519518185
17635788177
13428028083
18053635183
15691565791
15511392114
13170673757
13400417987
18474093872
17535864105
15779639002
15719467060
18235503123
18378732489
18477017778
13863255645
13257644257
13457465839
17839129751
17733058559
18475185085
18476849125
18695542424
17615851230
18765390311
18781932422
17613930529
15937288566
13599806181
15584123975
18474098909
13687207753
15228082001
13954775624
15244047726
15694146103
15524294519
17161217045
13241944071
18270514413
13787914644
18577740094
15203426862
18555695842
13935718135
15077409750
18679517120
17696876715
15383773227
18984684790
13059749768
13846585019
17382732324
13953909583
15932499619
13463706406
15590550224
17803843412
13591874951
15584360474
15707611349
18288790792
15731472873
13626409697
15213508759
15543779643
15273428062
18247133797
15543492354
17644204279
18776311467
18031546174
15084030883
18235810055
15568747824
13479465043
13685407654
17630731656
13763501813
15739857061
18870404870
18810162774
13825683767
17688298048
18765221362
15982286123
15219816885
15157988355
15291042896
18342775983
18111064227
17075302770
13255607521
13059767104
17695929254
18784321518
18177760469
15979286219
18691546527
18692910931
13620557069
13040224260
17621224201
13233208773
13004493813
13089886617
18927331732
15077789426
15234358147
15256019383
15141827729
15107898157
17530340176
15235902939
17350655829
15543452811
18452521673
17828593792
18595410291
15892357108
15140497409
13082883495
13551466971
13784793676
13174461564
18854313715
15575757417
17861408948
18343896257
13904567938
13288992340
15543650046
18677783517
18339418921
15333108125
17613782163
17660551242
15543744701
17732576957
13207051898
13265807303
17775602393
18791949107
18373890341
13041384068
18534979520
18738292137
15567108624
13220310542
18593195512
15568877646
15897966351
13950261296
13714863726
18664651410
18438366854
15032850401
13420300092
13070948007
13045700257
15097978273
13143452477
15635543779
18393350335
18621921786
17852270544
13106078540
15564811189
13235807649
13629609700
13971638612
13157866781
15639199618
15767119617
18608241914
13790714270
15612795851
13115801649
15803757865
13767722712
18766646236
15297367196
17135526034
13932270861
17564318791
15530835581
18172566540
13609209697
17775192125
15268390969
18132081705
15530736202
13197869152
15814046104
15779541004
15157852157
13653613823
15543100149
13269729480
18883277485
15892215072
15919267427
13303093376
15926830062
17367859320
13827425820
17530398735
13722733608
17670513102
13186788243
18716421854
15275588503
13116804508
15584476064
17322035596
15604498980
13628537614
13542837316
13973455168
15526816406
13998135065
18358806891
18455772001
17805491433
15832873707
15225613832
18729064818
13016107870
13643884755
13128471582
13712147174
17674066945
17687467891
15131787925
13059777741
18577183680
15773526534
13824757620
18474052217
18939514520
13994266923
15899510096
17687734420
18202550436
15699557347
13036846526
18453482523
17173565843
18653041083
17096764569
18856307402
18607618157
15819816100
17692111263
15827900127
17071318414
18335200492
13756727862
18376423697
13076160010
17699232128
15543747372
15828938184
18742191566
17082730731
18143951302
17761898532
15179726664
13105879540
17135526447
17550070623
18622359013
13140032112
13483510590
17060379830
15069772045
17193716748
13457626587
15536829453
13595782541
13894380956
17628364084
18322926636
18715247440
15543542310
13111229970
15979758763
13310256878
18643148073
13412265749
15079625595
15108052090
13845397593
13002676805
13297165470
13106746989
15200950823
18179229742
15540681823
15174622797
17538538957
13313278768
15584222447
18726805566
15176166813
18057668831
18561856297
18792427071
17164202045
17193892461
18734713349
15246757643
17674760402
13946509918
17135529545
18246148410
13730582405
18479500320
15130482545
17693101419
17075338739
18574255227
18069197819
17346683451
17163182754
15119905153
17687997197
13785206371
18277165793
15778323112
15670575307
18298279163
13059708478
13457381081
18536593053
17726468938
13614241790
18781948274
15879599824
13174414874
17687456970
18766396963
18872926482
13482925120
13769241216
15801282001
13156381813
18704008466
13159619324
15725756881
15806772675
18076776131
13075238858
18953598996
17091076694
13076325632
13291638229
18737916709
13145212431
17087635175
17053417185
17375779276
15930317418
13964210643
13002624719
15038265626
13153846894
15045250284
13662266781
13692596249
17731017756
15034021587
13905626369
15674912408
18655307421
13096216199
17194074508
15191753183
18730197404
17349894582
15249602219
18323975910
13485314852
15197471460
18775533201
13287824317
13898273966
17616472520
13836593223
13653106644
17634717897
15584218346
18670456587
15130822088
18396354803
18769705752
18640617088
15933377951
17623656572
18315799459
18263818618
13834369019
17689224969
15511703149
18760020343
15590546614
17688848344
18782086723
15165937971
15152181038
15979401390
13184994524
13295063095
18236331483
18362461355
13942716103
13623530623
15574713340
18379767205
17097647145
13059792410
15106617690
17670937155
17585598014
18309727035
18266516619
13837891194
18274547173
13102783939
15584149310
18434364327
13569957481
15534526658
18379067045
15146407757
13080351920
15567757504
13428314569
13573103129
15278199162
13957231704
18485405379
17682805337
15138080020
13157011384
15838516304
13136404951
18770899795
13614245059
13712065080
17630233095
13059799948
17695789122
15125924815
17042214452
15778194053
13561340062
15235403170
15543592645
18742175217
17346672790
15963473195
17783503344
17732996259
15776394731
17628195324
15543542038
15678617251
13969873419
18873904369
17861209515
15766347370
18947679337
15126215665
18030365082
15038671214
15506010604
13288225405
17152819604
18349955334
15915859613
15369757660
17092999747
18539211070
13513497709
13625316550
13170476971
18474086967
15722168024
18187410551
18510330211
13083948241
17176830349
15588316312
15604462348
17679353110
15296698934
17852726257
15532234624
15890933202
18370977674
15534833130
15590430321
13031902657
15506019224
15202654201
17547070769
13082863344
18015508382
15036833189
15566263075
15543005124
13164171415
13188156193
13986339412
18235011672
15234350262
18234251251
13161511980
17554090942
15071515474
19951670291
18569870662
15676485532
13009969958
13581405701
17596212712
17624213765
15543101774
15755767014
18758916982
13094748139
18639345968
17687465015
15676668396
15071863862
15574621727
15643065514
18716815916
17818856078
18673413102
15972573641
13879722268
17639626707
17671720552
17674718071
13143235880
15662213248
15379344640
13452576474
18655240996
15145856676
15516081693
13653218008
13180829044
15176745524
15135959407
13697534212
15290256267
18790360216
18953903071
15157487553
13613417926
17677039544
17639631479
15815100415
13116016315
17877891649
15882451070
17516051949
18863396914
18770182437
13112570656
13115803340
15815033102
18160055484
13082883145
15067227780
15725378209
18633846558
15586502036
15615168036
17729733953
13547518557
15640232775
15571176129
15955483994
17333638974
17623232281
18334377862
13221746984
18037700467
17333096846
15874792975
17677561105
13353493517
15021346279
15584226548
15602088392
13526267091
13096636270
15030855309
15164311142
18274450765
13521177530
13271367127
18096290308
15832975051
18723788806
13485302609
13933850600
15577894892
17387189458
15360787071
13232274930
18684113953
15338415202
18879021577
15886426120
15290167886
17521520687
17803262576
18370482683
13767997167
15290298531
13787542903
15290357692
15813584737
17094269758
13780550363
13239529744
15677225726
17725899273
18587884608
17862131593
15906889331
15999427418
15655471716
18118560567
17720230520
13831735695
18266118200
15777357508
17094670648
15584252594
18693331529
18250136995
18318419521
17193894908
13580167730
18937684281
15253876008
17082121109
13807794272
18720893427
15246780380
15037093984
18269239727
18002805213
18009897058
17630752726
17630218084
17092425740
15738716971
18579711387
15585374545
18166266458
15840251272
15523895820
15584389745
17081820953
18394002439
17823859380
18634804084
18235272015
18235845264
15568940704
13193442522
17166014594
15832713641
18365265481
15078988749
15543644863
15834667796
13186780471
13174453953
18948269538
17773416067
18897988427
13799163214
17770588274
18731036520
13116842275
18348511914
17674904354
15372292810
17626514706
18474080627
15543284694
13105849604
18474695736
18022216453
18675417556
15270714717
15649591345
13036846612
17674750584
18225222245
13160745825
13613886653
15737273714
13673761649
15874787643
18735787404
15590548534
13771248807
15207040211
15351440668
18853489700
18376922672
15960223305
15572387270
18781948067
17095124164
18078408083
17515725216
15629653081
17342000081
13994945046
13215523906
18674620608
13351284032
13546684803
17096142417
13694396399
17585272847
18559338620
18434160278
14795974825
18885234363
15939063721
15736663073
18688181465
18218066418
13322231231
17688445500
15832771338
13481854746
15502330865
17606689271
13360882888
13059727774
13705469625
17629815370
17607599158
15251454577
18771388130
17399773037
18547695864
17607192115
15067227905
18727197921
13796459129
13680382635
17620694160
13403251082
18341793671
15873730851
18761384227
13539614226
17600105520
13096703278
15982633497
17513510348
13615479348
15543414495
13453076112
17878569718
13766896483
18892365564
13102140915
17792509966
13878521137
13729576712
13059702404
15543572754
15622676393
15662247245
13197137688
17328341597
13314721020
17877556887
13097551898
15735991123
15566261852
18165834739
15034260469
15347738588
15165411538
17863963548
17605245814
13387302017
18577546930
17343650865
18728422010
15053990101
18304957764
15854258276
13991058147
13937294886
17606784834
15080025660
18225746532
13821171392
15940830391
17530101378
18949000626
17603315295
17636404267
15677044843
13452625343
15095792295
18879428909
13935033529
18037995516
13077639763
18877056695
18307952837
18474548056
13207052373
18534618250
18505165092
15372295262
17081828692
17560366689
13895785357
13136403173
15197856720
13531962415
15878067354
17521692132
15573183282
15219345530
17638780163
15524812389
15864638679
13136278485
13272596474
17776110224
15985638152
15604451142
15179503962
13320181948
13086859446
18533951487
18320466137
18098934361
17687676927
15937051739
13244085272
17671860308
15579472052
15807190004
18325596158
15383773180
17384208875
17681621675
18628484152
18570469589
18739776494
13418718181
17053401552
17674039104
13979986433
18222291909
13235696719
13657791473
13940890933
18474084021
15131305519
18606950773
15704648040
17376262192
13475671257
13046269395
15078380877
13002626749
18781919109
18763004274
18730739719
15707611072
18478285723
15035629858
18319367848
13059746902
18347362698
17065215927
15055916199
15138110122
17345958387
15584150158
17777564924
15109812651
18687697835
15879547129
17071318440
13036845759
18732843089
18124315107
13157043696
15281822908
15211021430
18661936643
15896593992
18595451427
15110502607
13563581406
13788759470
13188161615
13165695042
18269606032
15543614314
13726598046
15632186995
17728746691
18866587508
18781952607
15077474581
17878090599
17860771592
13380374844
15543452856
13292081760
13696053031
13146921368
18656842660
18436170785
17382103524
18870787846
13377969328
18774445455
17370542721
18595446030
18581077014
15999569745
18672483104
15543527540
13781716046
15207826811
15874815630
14777553329
17318549747
15766080626
15584452446
18314321214
13949482179
17083694314
15584317204
17096855684
18303487554
18317217662
17635578870
17878568145
15074620230
15090308537
15944415606
15139131383
13021522693
18630400706
13393501415
15196613920
18690706490
15518732788
15067084381
15119906852
17090156924
13215791613
13589548427
17090154964
17638158548
13653877417
15613701952
18894968110
15830967183
13059737640
15225529784
13376682851
18720046224
18757904958
18522714020
13251880382
18165808330
13738983796
17634067944
15679608527
17624597729
13123757236
17613756445
17638269606
13095804924
17787342021
17376363359
13718502362
15007632016
15517031597
18732253461
18566070215
17666660449
13660584109
17081809326
17828495003
18378699861
15958993908
13145244743
17664501412
13846495833
18245107925
15584227668
13548877201
15518961425
17671911784
18790705253
13782039072
17331732337
15643146564
13007609994
13689007697
13232765260
13485476505
15274650725
13997510415
13105707408
18368577600
17357727367
15580277544
15760675058
18224297361
13053631870
15159475477
17626531069
18035917960
15023729502
13703186163
17752650269
13234482504
15595872022
13271046002
13409409046
17754991080
15779096903
15579380137
13029117374
17757005898
18573003301
18504229302
15077005584
18178105261
18470150997
15981447145
13479326861
17156016432
17335676896
18203409876
15590430237
17096806639
15253561301
13557763343
18613062463
13101462437
13137387335
15132221617
15904328359
18023462384
15778519590
15543719504
15779392157
18573340052
15094798902
13545378869
17137582024
18312103403
13024688029
15176699843
18676085652
18711862548
18573561283
15584298140
15211451019
13176797340
15097657316
15567180114
13106060194
13666527362
18616704871
13203551969
18714547248
17854173045
17135526481
18767958082
18617901087
13572763356
13558563434
18077301265
17346612312
18598815376
13059749616
13513673839
15540709466
13787311799
17683931583
18454335578
17374819373
18226487343
18524126470
15732545689
18774932282
13539794204
15568854445
18236273264
17679137230
18270175632
13543924251
15575657713
13268319417
17671768896
17660466645
15037037676
13792115326
17516102627
13022649023
18781998264
15981619925
13696550618
15307538576
15116871405
13112580783
17596537786
15238637295
18479872568
13312818183
15779999639
13194379724
15054312214
13719689222
17562476280
18420544887
15580314219
18242263926
18579136867
13981409372
15584240974
15803459147
15815240258
18638520463
14789480999
15228287853
13558253272
18574365307
15830752337
17775603492
15571297621
13123797789
15856182208
13418717977
17530374107
17194175824
15543418084
15061009176
18871988893
15504428749
18649643991
13251880380
18782083416
13937868308
17614218671
18348771669
13844118148
13006546838
18336036051
13156827261
15578975798
18583112873
13406047181
13229435209
18374797435
13994022011
15935161031
15543664524
18420080170
17071317402
15643168042
13163533149
15504484184
17607279298
17662926263
13213737736
18348788651
13629812790
18281884007
17562159665
15543685314
13934878604
13730556695
13069135654
15543641917
13411977831
15584143605
15566263035
15607416065
18713932109
18254637507
17608314756
13126079648
18754872346
17603472206
13105676867
13384643531
13849924326
18507952629
13057870059
13996716430
18848972330
17875189591
15236683872
17331025891
18775765573
13128376385
15977511935
13049383955
17753785907
18873433282
13378895275
15030852239
17707906714
17669324708
17876819178
17630855221
15124169119
15584162373
18674782317
15976106490
18631485218
17347046521
17687673927
18349239418
13689356245
13258768466
15203906707
18681745849
15532759518
13457331250
18698512822
15543508241
18777751973
15604308124
18735076295
18121979163
15262687217
15545996502
15562394177
15093185685
13314432204
17602386745
18732096446
13557167120
18337467312
17673417956
18997595738
15803467513
17096857924
15290633017
15986161971
15290205201
17770546379
15584241103
13594225281
15523827042
17674916793
18392723124
15890941019
13776649501
15081054795
17156062486
15584240984
15832236290
15017280398
13542675925
18560857350
15034693259
13299037229
13768097511
13663196413
15677584213
13059797543
13235808043
13699591203
17875544161
18573801714
17872597455
13506775528
17197890116
18950008385
15764814241
17367096001
13116804117
18821923278
15775029001
15500173533
15639746629
15963221571
13045705386
13277393371
13536578189
17674757914
15577989664
15700742577
13697217806
13058553898
13684639908
18769343949
18317204624
15525610301
17062563133
13127390229
17691335949
13753287874
15233287182
15984878730
15854375610
18276334675
17777598371
15997277296
18754066657
13859618608
15242910419
17674741836
17513656463
18271532967
13562677261
18784208632
18272871209
17346646775
17071296940
17382184894
15826733876
15699553944
18501498945
18358801629
18163041938
13059794879
15584107940
18969391625
13670764532
18716886080
18231375861
18070622748
18470508161
18172233250
17772067991
13644668048
15080980642
13619858184
15173438937
15970488893
17081809329
15604473514
18240547298
15182087524
13593254857
13755716981
13119352520
15538912246
13159708333
15094371231
17680493845
15086112741
13845468525
13553208400
15695386272
15273846904
18218679221
15181743177
15550591935
17665104425
13648037445
18035603834
17633164067
18037128570
13620675442
18660402590
18983433667
15820267657
17079544337
15643749314
13704126989
15698643824
17637474498
15981193527
17847599627
18675430405
13076858759
17878716878
17613727656
15211436871
15543630146
