3945072861
12357694588
54732891751
57578754935
57790573431
57921024042
58397867830
58402665611
58543051410
58732428252
58813130905
58835034008
58847741205
58893121102
58947317715
58958068057
59027089834
59146907291
59149589176
59441622616
59469281770
59482337368
59571614656
59611884846
60690378433
60701719666
60761262772
61044440345
61645476527
61885527450
62090131445
62459149388
62797833029
62870510063
63386731255
63545846781
63815698410
66570258203
66909301390
67743208078
67782762800
69322498246
69387089021
69579396488
69724222848
69772216136
69911221370
70846350561
70951616850
71192476814
71545770640
72416915819
73475117725
74183443399
75012418312
75886879356
75942572681
76496630960
77512002736
78297212610
78372282836
78781024955
80082422210
82065929939
83848958189
84349047467
84945939089
86346749976
87195370547
88211355663
88216594360
91722165108
94495692182
94518703655
94707885141
95153769133
95411093755
95617072438
96443791545
